1987014302;ucwljfrimpmyhchzriwkbarxbgfcbc;0000000000
0981534430;jugixwtbvtrehbbcpxifbxvfbcgkcf;0000000000
0000000000;                              ;0000000000
0000000000;                              ;0000000000
0000000000;                              ;0000000000
0000000000;                              ;0000000000
0000000000;                              ;0000000000
0000000000;                              ;0000000000
0000000000;                              ;0000000000
0000000000;                              ;0000000000
